4716 8317 1368 9714
4295 2083 2744 0116
4539 2082 7804 4418
4539 6063 2091 5131
4716 3456 3728 5608
4716 9701 8139 9529
4485 4151 9557 6521
4024 0071 6198 3290
4305 2472 4524 0321
4532 2615 8265 4593
4600 4940 7253 3095
4916 0914 4819 0052
4929 9973 3987 5921
4142 1643 5009 1430
4556 4435 9650 2239
4916 9214 9779 7870
4916 5243 2895 0138
4024 0071 7072 6797
4556 7090 4405 9463
4716 2697 9102 7178
5218 6097 4963 7778
5520 6777 8770 5008
5445 9068 1500 9154
5262 8481 0845 8773
52018 9739 090 3925
6011 2027 1736 0180
6011 6785 6177 6847
6011 5102 1631 1060
6011 2592 1820 9332
6011 2836 9077 6568
3769 1008 6548 1342
3410 8748 4319 8891
3413 5485 6678 2626
3776 3518 5962 4856
3418 5969 7913 2643